           3          101            1            3            7            3
          -2          101           -4           12            7           11
          -2          101           -3            1            7            3
           0          101           -3           13           15           12
           0          101           -2           11            7           11
           3          101           -2            3            7            4
          -1          101           -5           15            1            1
           0          101            1            8            7            7
          -5          102           -1            7            0            3
           5          101            1            1            7            8
           5          101            0            6            6            1
